-24 86 0 75 -62 -43 24 67 56 -99 52
-85 -74 36 -97 -91 45 13 -77 83 38 95
7 28 -6 82 58 8 -4 13 -14 -27 -52 10
-24 5 -23 -48 54 97 -5 -20 91 -19 8
33 15 -92 -85 78 74 96 -84 34 40 1
70 -35 56 59 10 96 31 -17 -76 36 2
56 43 -36 -2 28 -84 -49 97 42 -64 5
75 -49 31 25 -56 -35 81 13 84 90 98
52 69 30 98 4 5 47 38 42 -74 -58 90
83 47 26 54 -71 71 72 41 -30 -25 52
-24 5 -23 -48 54 97 -5 -20 91 -19 52
33 15 -92 -85 78 74 96 -84 34 40 87
70 -35 56 59 10 96 31 -17 -76 36 -12
56 43 -36 -2 28 -84 -49 97 42 -64 -97