-24.12348 86.12348 0.12348 75.12348 -62.12348 -43.12348 24.12348 67.12348 56.12348 -99.12348 52.12348
-85.15644 -74.1654 36.185 -97.145 -91.1654 45.451 13.187 -77.564 83.165 38.12348 95.12348
7.16500 28.154 -6.1564 82.15 58.187 8.1256 -4.189 13.15987 -14.159 -27.1598 -52.159 10.498
-24.455 5.48 -23 -48 54.598 97.158 -5.165 -20.984 91.54 -19.1 8.54
33.1 15.1 -92.54 -85.1567 78 74 96 -84 34 40 1
70 -35 56.1654 59 10 96 31 -17 -76 36.14 2
56.554 43 -36.156 -2 28 -84 -49 97 42.1 -64.947 5.58478
75 -49 31 25 -56 -35.98 81.5 13 84.5495 90 98
7.16500 28.154 -6.1564 82.15 58.187 8.1256 -4.189 13.15987 -14.159 -27.1598 -52.159 10.498
83 47 26 54 -71 71 72 41 -30 -25 52
-24 -24.12348 86.12348 0.12348 75.12348 -62.12348 -43.12348 24.12348 67.12348 -19 52
33 15 -92 -85.564 78 74 96.57 -84 34 40 87
70 -35 56 -85.15644 -74.1654 36.185 -97.145 -91.1654 45.451 13.187 -77.564
56 43 -36 -2 28 -84 -49 97 42 -64 -97